machineId	4102
version	0880
totalRound	10000000

cell	theoryRTP	simRTP
7	0.8800	0.8793
2~6	0.8800	0.8802
8~12	0.8800	0.8799
2	0.8800	0.8810
3	0.8800	0.8787
4	0.8800	0.8814
5	0.8800	0.8809
6	0.8800	0.8791
8	0.8800	0.8790
9	0.8800	0.8806
10	0.8800	0.8803
11	0.8800	0.8822
12	0.8800	0.8819

sum	theoryProb	simProb
2	0.0278	0.0278
3	0.0556	0.0556
4	0.0833	0.0835
5	0.1111	0.1112
6	0.1389	0.1387
7	0.1667	0.1666
8	0.1389	0.1387
9	0.1111	0.1111
10	0.0833	0.0834
11	0.0556	0.0556
12	0.0278	0.0278

litCount	simProb
0	0.2500
1	0.0413
2	0.1199
3	0.2076
4	0.1824
5	0.1604
6	0.0382
7	0.0001
8	0.0000
9	0.0000
10	0.0000
11	0.0000
12	0.0000
13	0.0000
