machineId	4102
version	1100
totalRound	10000000

cell	theoryRTP	simRTP
7	1.1000	1.0995
2~6	1.1000	1.0998
8~12	1.1000	1.0999
2	1.1000	1.1002
3	1.1000	1.1015
4	1.1000	1.1014
5	1.1000	1.0982
6	1.1000	1.0996
8	1.1000	1.1020
9	1.1000	1.1005
10	1.1000	1.1013
11	1.1000	1.1021
12	1.1000	1.0992

sum	theoryProb	simProb
2	0.0278	0.0278
3	0.0556	0.0556
4	0.0833	0.0833
5	0.1111	0.1110
6	0.1389	0.1388
7	0.1667	0.1666
8	0.1389	0.1390
9	0.1111	0.1112
10	0.0833	0.0833
11	0.0556	0.0556
12	0.0278	0.0277

litCount	simProb
0	0.2498
1	0.0015
2	0.0160
3	0.0762
4	0.1634
5	0.2321
6	0.1514
7	0.0698
8	0.0288
9	0.0088
10	0.0019
11	0.0003
12	0.0000
13	0.0000
