machineId	4102
version	0950
totalRound	10000000

cell	theoryRTP	simRTP
7	0.9500	0.9514
2~6	0.9500	0.9495
8~12	0.9500	0.9501
2	0.9500	0.9510
3	0.9500	0.9489
4	0.9500	0.9476
5	0.9500	0.9494
6	0.9500	0.9505
8	0.9500	0.9486
9	0.9500	0.9500
10	0.9500	0.9500
11	0.9500	0.9514
12	0.9500	0.9501

sum	theoryProb	simProb
2	0.0278	0.0278
3	0.0556	0.0555
4	0.0833	0.0833
5	0.1111	0.1110
6	0.1389	0.1389
7	0.1667	0.1669
8	0.1389	0.1387
9	0.1111	0.1111
10	0.0833	0.0834
11	0.0556	0.0556
12	0.0278	0.0278

litCount	simProb
0	0.2501
1	0.0187
2	0.0861
3	0.1988
4	0.2103
5	0.1841
6	0.0486
7	0.0027
8	0.0005
9	0.0001
10	0.0000
11	0.0000
12	0.0000
13	0.0000
