machineId	4102
version	0970
totalRound	10000000

cell	theoryRTP	simRTP
7	0.9700	0.9702
2~6	0.9700	0.9694
8~12	0.9700	0.9705
2	0.9700	0.9688
3	0.9700	0.9694
4	0.9700	0.9701
5	0.9700	0.9686
6	0.9700	0.9690
8	0.9700	0.9717
9	0.9700	0.9701
10	0.9700	0.9704
11	0.9700	0.9708
12	0.9700	0.9707

sum	theoryProb	simProb
2	0.0278	0.0278
3	0.0556	0.0555
4	0.0833	0.0833
5	0.1111	0.1110
6	0.1389	0.1388
7	0.1667	0.1667
8	0.1389	0.1390
9	0.1111	0.1112
10	0.0833	0.0833
11	0.0556	0.0556
12	0.0278	0.0278

litCount	simProb
0	0.2501
1	0.0143
2	0.0742
3	0.1879
4	0.2159
5	0.1949
6	0.0563
7	0.0052
8	0.0010
9	0.0001
10	0.0000
11	0.0000
12	0.0000
13	0.0000
