machineId	4102
version	0920
totalRound	10000000

cell	theoryRTP	simRTP
7	0.9200	0.9204
2~6	0.9200	0.9198
8~12	0.9200	0.9201
2	0.9200	0.9197
3	0.9200	0.9184
4	0.9200	0.9187
5	0.9200	0.9209
6	0.9200	0.9198
8	0.9200	0.9204
9	0.9200	0.9207
10	0.9200	0.9180
11	0.9200	0.9198
12	0.9200	0.9173

sum	theoryProb	simProb
2	0.0278	0.0278
3	0.0556	0.0555
4	0.0833	0.0832
5	0.1111	0.1112
6	0.1389	0.1389
7	0.1667	0.1668
8	0.1389	0.1390
9	0.1111	0.1112
10	0.0833	0.0833
11	0.0556	0.0555
12	0.0278	0.0278

litCount	simProb
0	0.2500
1	0.0272
2	0.1035
3	0.2078
4	0.1984
5	0.1707
6	0.0416
7	0.0008
8	0.0001
9	0.0000
10	0.0000
11	0.0000
12	0.0000
13	0.0000
