machineId	4102
version	2000
totalRound	10000000

cell	theoryRTP	simRTP
7	2.0000	2.0017
2~6	2.0000	1.9998
8~12	2.0000	1.9989
2	2.0000	2.0096
3	2.0000	1.9981
4	2.0000	1.9985
5	2.0000	2.0020
6	2.0000	1.9984
8	2.0000	1.9989
9	2.0000	1.9996
10	2.0000	1.9989
11	2.0000	2.0026
12	2.0000	1.9993

sum	theoryProb	simProb
2	0.0278	0.0279
3	0.0556	0.0556
4	0.0833	0.0832
5	0.1111	0.1112
6	0.1389	0.1388
7	0.1667	0.1667
8	0.1389	0.1389
9	0.1111	0.1111
10	0.0833	0.0833
11	0.0556	0.0556
12	0.0278	0.0277

litCount	simProb
0	0.2499
1	0.0000
2	0.0000
3	0.0000
4	0.0001
5	0.0008
6	0.0044
7	0.0173
8	0.0518
9	0.1152
10	0.1843
11	0.2008
12	0.1341
13	0.0413
