machineId	4102
version	1020
totalRound	10000000

cell	theoryRTP	simRTP
7	1.0200	1.0207
2~6	1.0200	1.0195
8~12	1.0200	1.0200
2	1.0200	1.0156
3	1.0200	1.0206
4	1.0200	1.0185
5	1.0200	1.0207
6	1.0200	1.0185
8	1.0200	1.0202
9	1.0200	1.0194
10	1.0200	1.0193
11	1.0200	1.0220
12	1.0200	1.0203

sum	theoryProb	simProb
2	0.0278	0.0277
3	0.0556	0.0556
4	0.0833	0.0832
5	0.1111	0.1112
6	0.1389	0.1388
7	0.1667	0.1667
8	0.1389	0.1389
9	0.1111	0.1112
10	0.0833	0.0833
11	0.0556	0.0556
12	0.0278	0.0278

litCount	simProb
0	0.2500
1	0.0067
2	0.0461
3	0.1486
4	0.2149
5	0.2223
6	0.0863
7	0.0190
8	0.0051
9	0.0010
10	0.0001
11	0.0000
12	0.0000
13	0.0000
