machineId	4102
version	0975
totalRound	10000000

cell	theoryRTP	simRTP
7	0.9750	0.9757
2~6	0.9750	0.9757
8~12	0.9750	0.9741
2	0.9750	0.9751
3	0.9750	0.9732
4	0.9750	0.9738
5	0.9750	0.9756
6	0.9750	0.9765
8	0.9750	0.9737
9	0.9750	0.9724
10	0.9750	0.9737
11	0.9750	0.9764
12	0.9750	0.9788

sum	theoryProb	simProb
2	0.0278	0.0278
3	0.0556	0.0554
4	0.0833	0.0833
5	0.1111	0.1113
6	0.1389	0.1390
7	0.1667	0.1668
8	0.1389	0.1387
9	0.1111	0.1109
10	0.0833	0.0833
11	0.0556	0.0556
12	0.0278	0.0278

litCount	simProb
0	0.2499
1	0.0133
2	0.0711
3	0.1849
4	0.2171
5	0.1977
6	0.0585
7	0.0060
8	0.0012
9	0.0002
10	0.0000
11	0.0000
12	0.0000
13	0.0000
