machineId	4102
version	0940
totalRound	10000000

cell	theoryRTP	simRTP
7	0.9400	0.9399
2~6	0.9400	0.9397
8~12	0.9400	0.9403
2	0.9400	0.9372
3	0.9400	0.9386
4	0.9400	0.9410
5	0.9400	0.9392
6	0.9400	0.9401
8	0.9400	0.9413
9	0.9400	0.9410
10	0.9400	0.9394
11	0.9400	0.9384
12	0.9400	0.9404

sum	theoryProb	simProb
2	0.0278	0.0277
3	0.0556	0.0555
4	0.0833	0.0834
5	0.1111	0.1110
6	0.1389	0.1389
7	0.1667	0.1666
8	0.1389	0.1390
9	0.1111	0.1112
10	0.0833	0.0833
11	0.0556	0.0555
12	0.0278	0.0278

litCount	simProb
0	0.2499
1	0.0213
2	0.0922
3	0.2029
4	0.2067
5	0.1790
6	0.0459
7	0.0018
8	0.0003
9	0.0000
10	0.0000
11	0.0000
12	0.0000
13	0.0000
