machineId	4102
version	0980
totalRound	10000000

cell	theoryRTP	simRTP
7	0.9800	0.9809
2~6	0.9800	0.9800
8~12	0.9800	0.9795
2	0.9800	0.9831
3	0.9800	0.9799
4	0.9800	0.9795
5	0.9800	0.9800
6	0.9800	0.9787
8	0.9800	0.9799
9	0.9800	0.9804
10	0.9800	0.9806
11	0.9800	0.9782
12	0.9800	0.9814

sum	theoryProb	simProb
2	0.0278	0.0278
3	0.0556	0.0556
4	0.0833	0.0833
5	0.1111	0.1112
6	0.1389	0.1388
7	0.1667	0.1668
8	0.1389	0.1387
9	0.1111	0.1111
10	0.0833	0.0834
11	0.0556	0.0555
12	0.0278	0.0278

litCount	simProb
0	0.2497
1	0.0123
2	0.0682
3	0.1813
4	0.2178
5	0.2009
6	0.0610
7	0.0070
8	0.0015
9	0.0002
10	0.0000
11	0.0000
12	0.0000
13	0.0000
